
182
BAS1201
2017
1
60
567
BAS1203
2017
1
60
454
INT1154
2017
1
70
952
INT1155
2017
2
60
366
BAS1204
2017
2
80
517
BAS1143
2017
2
60
145
BAS1141
2017
2
70
643
BAS1112
2017
2
120
787
BAS1107
2017
2
70
725
BAS1226
2017
2
60
964
BAS1224
2017
2
60
943
BAS1227
2018
1
70
226
BAS1142
2018
1
120
742
BAS1122
2018
1
60
217
BAS1144
2018
1
70
635
ELE1433
2018
1
60
255
INT1339
2018
1
120
303
INT1358
2018
1
60
958
INT1359
2018
2
120
160
INT1323
2018
2
80
445
INT1306
2018
2
70
374
ELE1330
2018
2
80
397
BAS0102
2019
1
1
493
CHOHUNG
2018
1
1
698
MCX
1
2
1
895
ZXCV
123
1
2
182
BAS1201
2017
1
60
567
BAS1203
2017
1
60
454
INT1154
2017
1
70
952
INT1155
2017
2
60
366
BAS1204
2017
2
80
517
BAS1143
2017
2
60
145
BAS1141
2017
2
70
643
BAS1112
2017
2
120
787
BAS1107
2017
2
70
725
BAS1226
2017
2
60
964
BAS1224
2017
2
60
943
BAS1227
2018
1
70
226
BAS1142
2018
1
120
742
BAS1122
2018
1
60
217
BAS1144
2018
1
70
635
ELE1433
2018
1
60
255
INT1339
2018
1
120
303
INT1358
2018
1
60
958
INT1359
2018
2
120
160
INT1323
2018
2
80
445
INT1306
2018
2
70
374
ELE1330
2018
2
80
397
BAS0102
2019
1
1
493
CHOHUNG
2018
1
1
698
MCX
1
2
1
895
ZXCV
123
1
2
182
BAS1201
2017
1
60
567
BAS1203
2017
1
60
454
INT1154
2017
1
70
952
INT1155
2017
2
60
366
BAS1204
2017
2
80
517
BAS1143
2017
2
60
145
BAS1141
2017
2
70
643
BAS1112
2017
2
120
787
BAS1107
2017
2
70
725
BAS1226
2017
2
60
964
BAS1224
2017
2
60
943
BAS1227
2018
1
70
226
BAS1142
2018
1
120
742
BAS1122
2018
1
60
217
BAS1144
2018
1
70
635
ELE1433
2018
1
60
255
INT1339
2018
1
120
303
INT1358
2018
1
60
958
INT1359
2018
2
120
160
INT1323
2018
2
80
445
INT1306
2018
2
70
374
ELE1330
2018
2
80
397
BAS0102
2019
1
1
493
CHOHUNG
2018
1
1
698
MCX
1
2
1
895
ZXCV
123
1
2
115
SDFDS
2018
2
20
568
DF
2
2
12